# LSST Throughputs files created from syseng_throughputs repo
# Version 1.9
# sha1 fcc05772f99427e4a45cd1b9da1628dded9a06d5
# Aerosols added to atmosphere
# Wavelen_cutoff_BLUE 304.30
# Wavelen_cutoff_RED 403.50
# Wavelength(nm)  Throughput(0-1)
# Fase 55: truncado a 413.4 nm (4134 A) -- mismo corte real que usa el
# kcor de SNANA (LSST_u.dat en $SNDATA_ROOT/filters/LSST/baseline_1.9/,
# la misma curva de total_u.dat truncada ahi). total_u.dat real incluye
# una fuga fuera de banda hacia el rojo (T~4e-5, hasta 1150nm) que SNANA
# nunca ve -- ver NOTES.md Fase 52/55.
300.0 0.0
300.1 0.0
300.20000000000005 0.0
300.30000000000007 0.0
300.4000000000001 0.0
300.5000000000001 0.0
300.60000000000014 0.0
300.70000000000016 0.0
300.8000000000002 0.0
300.9000000000002 0.0
301.0000000000002 0.0
301.10000000000025 0.0
301.2000000000003 0.0
301.3000000000003 0.0
301.4000000000003 0.0
301.50000000000034 0.0
301.60000000000036 0.0
301.7000000000004 0.0
301.8000000000004 0.0
301.90000000000043 0.0
302.00000000000045 0.0
302.1000000000005 0.0
302.2000000000005 0.0
302.3000000000005 0.0
302.40000000000055 0.0
302.50000000000057 0.0
302.6000000000006 0.0
302.7000000000006 0.0
302.80000000000064 0.0
302.90000000000066 0.0
303.0000000000007 0.0
303.1000000000007 0.0
303.2000000000007 0.0
303.30000000000075 0.0
303.4000000000008 0.0
303.5000000000008 0.0
303.6000000000008 0.0
303.70000000000084 0.0
303.80000000000086 0.0
303.9000000000009 0.0
304.0000000000009 0.0
304.10000000000093 0.0
304.20000000000095 0.0
304.300000000001 0.0
304.400000000001 0.0
304.500000000001 0.0
304.60000000000105 0.0
304.70000000000107 0.0
304.8000000000011 0.0
304.9000000000011 0.0
305.00000000000114 0.0
305.10000000000116 0.0
305.2000000000012 0.0
305.3000000000012 0.0
305.4000000000012 0.0
305.50000000000125 0.0
305.6000000000013 0.0
305.7000000000013 0.0
305.8000000000013 0.0
305.90000000000134 0.0
306.00000000000136 0.0
306.1000000000014 0.0
306.2000000000014 0.0
306.30000000000143 0.0
306.40000000000146 0.0
306.5000000000015 0.0
306.6000000000015 0.0
306.7000000000015 0.0
306.80000000000155 0.0
306.90000000000157 0.0
307.0000000000016 0.0
307.1000000000016 0.0
307.20000000000164 0.0
307.30000000000166 0.0
307.4000000000017 0.0
307.5000000000017 0.0
307.6000000000017 0.0
307.70000000000175 0.0
307.8000000000018 0.0
307.9000000000018 0.0
308.0000000000018 0.0
308.10000000000184 0.0
308.20000000000186 0.0
308.3000000000019 0.0
308.4000000000019 0.0
308.50000000000193 0.0
308.60000000000196 0.0
308.700000000002 0.0
308.800000000002 0.0
308.900000000002 0.0
309.00000000000205 0.0
309.10000000000207 0.0
309.2000000000021 0.0
309.3000000000021 0.0
309.40000000000214 0.0
309.50000000000216 0.0
309.6000000000022 0.0
309.7000000000022 0.0
309.8000000000022 0.0
309.90000000000225 0.0
310.0000000000023 0.0
310.1000000000023 0.0
310.2000000000023 0.0
310.30000000000234 0.0
310.40000000000236 0.0
310.5000000000024 0.0
310.6000000000024 0.0
310.70000000000243 0.0
310.80000000000246 0.0
310.9000000000025 0.0
311.0000000000025 0.0
311.1000000000025 0.0
311.20000000000255 0.0
311.30000000000257 0.0
311.4000000000026 0.0
311.5000000000026 0.0
311.60000000000264 0.0
311.70000000000266 0.0
311.8000000000027 0.0
311.9000000000027 0.0
312.00000000000273 0.0
312.10000000000275 0.0
312.2000000000028 0.0
312.3000000000028 0.0
312.4000000000028 0.0
312.50000000000284 0.0
312.60000000000286 0.0
312.7000000000029 0.0
312.8000000000029 0.0
312.90000000000293 0.0
313.00000000000296 0.0
313.100000000003 0.0
313.200000000003 0.0
313.300000000003 0.0
313.40000000000305 0.0
313.50000000000307 0.0
313.6000000000031 0.0
313.7000000000031 0.0
313.80000000000314 0.0
313.90000000000316 0.0
314.0000000000032 0.0
314.1000000000032 0.0
314.20000000000323 0.0
314.30000000000325 0.0
314.4000000000033 0.0
314.5000000000033 0.0
314.6000000000033 0.0
314.70000000000334 0.0
314.80000000000337 0.0
314.9000000000034 0.0
315.0000000000034 0.0
315.10000000000343 0.0
315.20000000000346 0.0
315.3000000000035 0.0
315.4000000000035 0.0
315.5000000000035 0.0
315.60000000000355 0.0
315.70000000000357 0.0
315.8000000000036 0.0
315.9000000000036 0.0
316.00000000000364 0.0
316.10000000000366 0.0
316.2000000000037 0.0
316.3000000000037 0.0
316.40000000000373 0.0
316.50000000000375 0.0
316.6000000000038 0.0
316.7000000000038 0.0
316.8000000000038 0.0
316.90000000000384 0.0
317.00000000000387 0.0
317.1000000000039 0.0
317.2000000000039 0.0
317.30000000000393 0.0
317.40000000000396 0.0
317.500000000004 0.0
317.600000000004 0.0
317.700000000004 0.0
317.80000000000405 0.0
317.90000000000407 0.0
318.0000000000041 0.0
318.1000000000041 0.0
318.20000000000414 0.0
318.30000000000416 0.0
318.4000000000042 0.0
318.5000000000042 0.0
318.60000000000423 0.0
318.70000000000425 0.0
318.8000000000043 0.0
318.9000000000043 0.0
319.0000000000043 0.0
319.10000000000434 0.0
319.20000000000437 0.0
319.3000000000044 0.0
319.4000000000044 0.0
319.50000000000443 0.0
319.60000000000446 0.0
319.7000000000045 0.0
319.8000000000045 0.0
319.9000000000045 0.0
320.00000000000455 1.2722411862695854e-18
320.10000000000457 3.3828906912305605e-08
320.2000000000046 8.105575010853388e-08
320.3000000000046 1.4445078584801978e-07
320.40000000000464 2.271046784271956e-07
320.50000000000466 3.324469887924082e-07
320.6000000000047 4.650236836252534e-07
320.7000000000047 6.287539591394464e-07
320.80000000000473 8.283557763031786e-07
320.90000000000475 1.0689906579382723e-06
321.0000000000048 1.3562866208778777e-06
321.1000000000048 1.7382427555050511e-06
321.2000000000048 2.1906276472605853e-06
321.30000000000484 2.720817259288728e-06
321.40000000000487 3.3365122586066983e-06
321.5000000000049 4.045743337485347e-06
321.6000000000049 4.824514182414484e-06
321.70000000000493 5.701866827988874e-06
321.80000000000496 6.684603249429582e-06
321.900000000005 7.779661716687781e-06
322.000000000005 8.994114585803342e-06
322.100000000005 1.045901769825142e-05
322.20000000000505 1.2084535920922277e-05
322.30000000000507 1.388078667736946e-05
322.4000000000051 1.585813598655208e-05
322.5000000000051 1.802719946112174e-05
322.60000000000514 2.0570803181250923e-05
322.70000000000516 2.3372102711573017e-05
322.8000000000052 2.644831264177393e-05
322.9000000000052 2.9817319325783764e-05
323.00000000000523 3.3497694865091256e-05
323.10000000000525 3.870447970476407e-05
323.2000000000053 4.448696609846561e-05
323.3000000000053 5.088641136077791e-05
323.4000000000053 5.794572618621224e-05
323.50000000000534 6.57095059658939e-05
323.60000000000537 7.376511802973065e-05
323.7000000000054 8.251517090941256e-05
323.8000000000054 9.199728363274416e-05
323.90000000000543 0.00010225013384225696
324.00000000000546 0.00011331347136191019
324.1000000000055 0.00012715893337735578
324.2000000000055 0.00014211543491286316
324.3000000000055 0.00015822942012151363
324.40000000000555 0.00017554765966318236
324.50000000000557 0.0001941172437612852
324.6000000000056 0.00021388343453570389
324.7000000000056 0.00023497526627829025
324.80000000000564 0.0002574385778149882
324.90000000000566 0.00028131938560812164
325.0000000000057 0.0003066638763425043
325.1000000000057 0.00033772739789559577
325.20000000000573 0.00037098493794072865
325.30000000000575 0.00040653140474661135
325.4000000000058 0.0004444637100752182
325.5000000000058 0.00048488079560062063
325.6000000000058 0.0005301331649257396
325.70000000000584 0.0005784477027142639
325.80000000000587 0.000629961429929553
325.9000000000059 0.0006848149179934708
326.0000000000059 0.0007431523473716462
326.10000000000593 0.0007958949914519211
326.20000000000596 0.0008513694144624589
326.300000000006 0.0009096701048366369
326.400000000006 0.0009708935447294648
326.500000000006 0.001035138250522457
326.60000000000605 0.0010971457556756769
326.70000000000607 0.001161754521907191
326.8000000000061 0.0012290309547654062
326.9000000000061 0.001299042249354656
327.00000000000614 0.0013718563949675555
327.10000000000616 0.0014651699571526637
327.2000000000062 0.0015626683068202959
327.3000000000062 0.0016644462133189296
327.40000000000623 0.0017705985293338716
327.50000000000625 0.0018812201818055212
327.6000000000063 0.0019981966615821144
327.7000000000063 0.00212005601733101
327.8000000000063 0.0022469077037430827
327.90000000000634 0.0023788616861163334
328.00000000000637 0.0025160284364810228
328.1000000000064 0.002654300117881103
328.2000000000064 0.0027981363463603806
328.30000000000643 0.0029476865865489484
328.40000000000646 0.0031031026266599526
328.5000000000065 0.0032645385966761577
328.6000000000065 0.0034396730738118306
328.7000000000065 0.003621833131685399
328.80000000000655 0.0038112145207748337
328.90000000000657 0.004008016424040023
329.0000000000066 0.0042124414820124915
329.1000000000066 0.0044222087516894645
329.20000000000664 0.004639547534272341
329.30000000000666 0.004864638126618942
329.4000000000067 0.005097663296554199
329.5000000000067 0.0053388082831940095
329.60000000000673 0.00556957830783951
329.70000000000675 0.0058072512221714325
329.8000000000068 0.006051949082786514
329.9000000000068 0.0063037947533028625
330.0000000000068 0.006562911874334092
330.10000000000684 0.006820342539537143
330.20000000000687 0.007084435339346531
330.3000000000069 0.007355275413653762
330.4000000000069 0.007632947572476592
330.50000000000693 0.007917536242115195
330.60000000000696 0.008219556656755238
330.700000000007 0.008529457011468034
330.800000000007 0.008847351596548349
330.900000000007 0.009173354692844762
331.00000000000705 0.009507580499770301
331.10000000000707 0.00977527188515768
331.2000000000071 0.010048558664930502
331.3000000000071 0.010327516499508202
331.40000000000714 0.01061222093410401
331.50000000000716 0.010902747330601426
331.6000000000072 0.011222541353309155
331.7000000000072 0.01154947054822519
331.80000000000723 0.01188364664289118
331.90000000000725 0.012225182409536746
332.0000000000073 0.012574191667194224
332.1000000000073 0.012970523149991614
332.2000000000073 0.013375986457649038
332.30000000000734 0.013790719729418111
332.40000000000737 0.014214862198806471
332.5000000000074 0.014648554192945723
332.6000000000074 0.015061595480078306
332.70000000000744 0.015482825089736927
332.80000000000746 0.01591234129807198
332.9000000000075 0.016350242928492704
333.0000000000075 0.01679662935575307
333.1000000000075 0.01714503566834546
333.20000000000755 0.01749815842295881
333.30000000000757 0.01785602676931482
333.4000000000076 0.018218669806093605
333.5000000000076 0.018586116582177407
333.60000000000764 0.018981300897845114
333.70000000000766 0.01938224627943431
333.8000000000077 0.019789033975717202
333.9000000000077 0.020201745540357783
334.00000000000773 0.020620462657896348
334.10000000000775 0.021044111755557413
334.2000000000078 0.02147450235020487
334.3000000000078 0.021911738944828126
334.4000000000078 0.022355925763223875
334.50000000000784 0.022807166533468867
334.60000000000787 0.023274805702496796
334.7000000000079 0.0237500202302288
334.8000000000079 0.024232917606246924
334.90000000000794 0.02472360392148994
335.00000000000796 0.02522218357858808
335.100000000008 0.025660443915880276
335.200000000008 0.026104817931545378
335.300000000008 0.026555370365242057
335.40000000000805 0.02701216266866157
335.5000000000081 0.02747525268876752
335.6000000000081 0.02791220281630029
335.7000000000081 0.028354577019981786
335.80000000000814 0.02880240284789035
335.90000000000816 0.029255702798568192
336.0000000000082 0.02971449397203567
336.1000000000082 0.03017012493275714
336.20000000000823 0.030630801437875502
336.30000000000825 0.03109651134067901
336.4000000000083 0.031567235513432136
336.5000000000083 0.03204294745321911
336.6000000000083 0.032523610185679716
336.70000000000834 0.03300942923164114
336.80000000000837 0.03350043908545962
336.9000000000084 0.0339966742845941
337.0000000000084 0.03449816940433054
337.10000000000844 0.03494480750588462
337.20000000000846 0.03539584991429036
337.3000000000085 0.03585132738290108
337.4000000000085 0.03631127072478478
337.5000000000085 0.036775710808159466
337.60000000000855 0.03731683174144827
337.7000000000086 0.037864294741291445
337.8000000000086 0.03841815639642251
337.9000000000086 0.03897847370241527
338.00000000000864 0.03954530406627934
338.10000000000866 0.040073530744801605
338.2000000000087 0.04060734008732215
338.3000000000087 0.04114677673305907
338.40000000000873 0.04169188562922572
338.50000000000875 0.04224271203517678
338.6000000000088 0.042750834528649286
338.7000000000088 0.04326374755223768
338.8000000000088 0.04378146451359308
338.90000000000884 0.044303999461836836
339.00000000000887 0.0448313671509768
339.1000000000089 0.04538006312009771
339.2000000000089 0.04593382811698493
339.30000000000894 0.04649268002016426
339.40000000000896 0.0470566376624989
339.500000000009 0.04762572090693517
339.600000000009 0.04816380528387877
339.700000000009 0.048706249793068306
339.80000000000905 0.04925306987668251
339.9000000000091 0.049804282470137864
340.0000000000091 0.05035990609268984
340.1000000000091 0.05075067394417233
340.20000000000914 0.05114372480343449
340.30000000000916 0.05153907016218431
340.4000000000092 0.05193672340737878
340.5000000000092 0.05233669989067952
340.60000000000923 0.052778416402294775
340.70000000000925 0.05322303393850298
340.8000000000093 0.053670578010973885
340.9000000000093 0.05412107633040515
341.0000000000093 0.05457455888721941
341.10000000000935 0.05509148922387127
341.20000000000937 0.05561224327732393
341.3000000000094 0.05613686376284386
341.4000000000094 0.056665396137713056
341.50000000000944 0.05719788870319012
341.60000000000946 0.057734395090580135
341.7000000000095 0.05827485919099664
341.8000000000095 0.05881930210548467
341.9000000000095 0.05936774499402243
342.00000000000955 0.059920209075407405
342.1000000000096 0.06041088137582278
342.2000000000096 0.060904698302109976
342.3000000000096 0.06140167398378775
342.40000000000964 0.06190182257531993
342.50000000000966 0.06240515825561494
342.6000000000097 0.06286582450574929
342.7000000000097 0.06332906396094323
342.80000000000973 0.06379488592537719
342.90000000000975 0.06426329970615957
343.0000000000098 0.06473431461407018
343.1000000000098 0.0650864967985537
343.2000000000098 0.06544017794871887
343.30000000000985 0.065795362021631
343.40000000000987 0.06615205296854967
343.5000000000099 0.0665102547350395
343.6000000000099 0.06687015042270471
343.70000000000994 0.06723168634592436
343.80000000000996 0.06759480928485721
343.90000000001 0.06795946931818751
344.00000000001 0.06832561993236906
344.10000000001 0.06865439797644973
344.20000000001005 0.06898430863124483
344.3000000000101 0.06931531554725782
344.4000000000101 0.06964738630970986
344.5000000000101 0.06998049254319888
344.60000000001014 0.07036543663143573
344.70000000001016 0.07075178052535606
344.8000000000102 0.07113950762686003
344.9000000000102 0.07152860572300733
345.00000000001023 0.07191906711250434
345.10000000001025 0.07238469567959462
345.2000000000103 0.07285240872294287
345.3000000000103 0.0733222158466884
345.4000000000103 0.07379413172661976
345.50000000001035 0.07426817626931621
345.60000000001037 0.07471770892604519
345.7000000000104 0.07516914245068611
345.8000000000104 0.07562251196197795
345.90000000001044 0.07607785841756146
346.00000000001046 0.07653522877475062
346.1000000000105 0.07690510331689204
346.2000000000105 0.07727632585376487
346.3000000000105 0.07764895839539494
346.40000000001055 0.07802306930708255
346.5000000000106 0.07839873344462873
346.6000000000106 0.07877602904843993
346.7000000000106 0.07915475274284918
346.80000000001064 0.07953491003616743
346.90000000001066 0.07991650647380945
347.0000000000107 0.08029954763814205
347.1000000000107 0.08082468584163252
347.20000000001073 0.08135252064833624
347.30000000001075 0.08188306387808862
347.4000000000108 0.08241632741823007
347.5000000000108 0.0829523232246443
347.6000000000108 0.08349106675978574
347.70000000001085 0.08403256416840756
347.80000000001087 0.08457682499244092
347.9000000000109 0.08512385877803416
348.0000000000109 0.08567367507513182
348.10000000001094 0.08601517382433668
348.20000000001096 0.08635773714347664
348.300000000011 0.08670136653072719
348.400000000011 0.08704606347412278
348.500000000011 0.08739182944998095
348.60000000001105 0.08776967999276247
348.7000000000111 0.08814903660378438
348.8000000000111 0.08852978447258662
348.9000000000111 0.08891181566355935
349.00000000001114 0.0892950292877755
349.10000000001116 0.08969371089194714
349.2000000000112 0.09009348337005813
349.3000000000112 0.09049426812616185
349.40000000001123 0.09089599428524395
349.50000000001125 0.09129859888371203
349.6000000000113 0.09170202706195087
349.7000000000113 0.09210623750144269
349.8000000000113 0.09251119375999421
349.90000000001135 0.09291686821362555
350.00000000001137 0.09332324225910543
350.1000000000114 0.0936690275382283
350.2000000000114 0.09401512003694742
350.30000000001144 0.09436152951108975
350.40000000001146 0.09470827550984011
350.5000000000115 0.09505538755261628
350.6000000000115 0.09543579152292958
350.7000000000115 0.09581686290569646
350.80000000001155 0.09619866083775541
350.9000000000116 0.0965812551189512
351.0000000000116 0.0969647264095781
351.1000000000116 0.09722400262743855
351.20000000001164 0.09748365615621994
351.30000000001166 0.09774379940196798
351.4000000000117 0.09800455581168707
351.5000000000117 0.09826606001115533
351.60000000001173 0.09856225090831885
351.70000000001176 0.09885909648183847
351.8000000000118 0.09915659626164325
351.9000000000118 0.09945474986305662
352.0000000000118 0.09975355698694063
352.10000000001185 0.10001622037580932
352.20000000001187 0.10027934063136262
352.3000000000119 0.10054291725547045
352.4000000000119 0.10080694984352516
352.50000000001194 0.10107143808426375
352.60000000001196 0.10130194040308496
352.700000000012 0.10153278258512588
352.800000000012 0.101763967231593
352.900000000012 0.1019954968621333
353.00000000001205 0.10222737391319216
353.1000000000121 0.10257391750670336
353.2000000000121 0.10292132237679746
353.3000000000121 0.10326959173685427
353.40000000001214 0.10361872872129903
353.50000000001216 0.10396873638473246
353.6000000000122 0.10428426101315114
353.7000000000122 0.10460038294127669
353.80000000001223 0.10491714961112081
353.90000000001226 0.10523460551643427
354.0000000000123 0.10555279215137156
354.1000000000123 0.10583022724065894
354.2000000000123 0.10610831809374663
354.30000000001235 0.10638709658045446
354.40000000001237 0.10666659132515587
354.5000000000124 0.1069468276604379
354.6000000000124 0.10722782758337221
354.70000000001244 0.10750960359470384
354.80000000001246 0.10779216902923994
354.9000000000125 0.1080755336184132
355.0000000000125 0.10835970344173919
355.1000000000125 0.10862094776454356
355.20000000001255 0.10888288432764462
355.3000000000126 0.109145507506298
355.4000000000126 0.10940880783558084
355.5000000000126 0.10967277196345335
355.60000000001264 0.10993738260489133
355.70000000001266 0.1102026310322645
355.8000000000127 0.1104684957415648
355.9000000000127 0.11073495141630883
356.00000000001273 0.11100196888208198
356.10000000001276 0.11129584166185764
356.2000000000128 0.11159028735696573
356.3000000000128 0.11188526497957733
356.4000000000128 0.11218072946076889
356.50000000001285 0.1124766316015893
356.60000000001287 0.11281037166543821
356.7000000000129 0.11314481645650167
356.8000000000129 0.11347996676528724
356.90000000001294 0.11381582338149654
357.00000000001296 0.11415238709501815
357.100000000013 0.11435959517093712
357.200000000013 0.1145669756321524
357.30000000001303 0.11477452826561668
357.40000000001305 0.114982252858592
357.5000000000131 0.11519014919701785
357.6000000000131 0.1153982170661225
357.7000000000131 0.11560645625062721
357.80000000001314 0.11581486653454179
357.90000000001316 0.11602344770095921
358.0000000000132 0.11623219953267087
358.1000000000132 0.11644273605754799
358.20000000001323 0.11665347262944424
358.30000000001326 0.11686440917037252
358.4000000000133 0.11707554560192276
358.5000000000133 0.1172868818458768
358.6000000000133 0.11745976424764072
358.70000000001335 0.11763265798209258
358.80000000001337 0.11780561411341879
358.9000000000134 0.11797868018094798
359.0000000000134 0.11815190016980552
359.10000000001344 0.11843814513697476
359.20000000001346 0.11872500527120876
359.3000000000135 0.11901251476273028
359.4000000000135 0.11930070425238806
359.50000000001353 0.1195896007846197
359.60000000001355 0.11987921789457726
359.7000000000136 0.12016957876182754
359.8000000000136 0.12046070262267684
359.9000000000136 0.12075260472197659
360.00000000001364 0.12104529626374555
360.10000000001367 0.12124495861133654
360.2000000000137 0.1214451175735195
360.3000000000137 0.12164577084585229
360.40000000001373 0.12184691190175838
360.50000000001376 0.1220485299591283
360.6000000000138 0.12229029384992607
360.7000000000138 0.1225326092034239
360.8000000000138 0.12277545090166252
360.90000000001385 0.12301878950470578
361.00000000001387 0.12326259120829004
361.1000000000139 0.12358292071186118
361.2000000000139 0.12390394177447599
361.30000000001394 0.12422560790923687
361.40000000001396 0.12454786797132852
361.500000000014 0.12487066610058734
361.600000000014 0.12519394166853823
361.70000000001403 0.1255178576699275
361.80000000001405 0.1258424128898147
361.9000000000141 0.12616760596510823
362.0000000000141 0.126493435381941
362.1000000000141 0.12678979546492086
362.20000000001414 0.1270866889989736
362.30000000001417 0.1273841138786799
362.4000000000142 0.12768206784379843
362.5000000000142 0.12798054847764953
362.60000000001423 0.12832072122382074
362.70000000001426 0.12866159573362446
362.8000000000143 0.12900317388298238
362.9000000000143 0.12934545768777886
363.0000000000143 0.1296884493071924
363.10000000001435 0.13003645393805774
363.20000000001437 0.1303851900880851
363.3000000000144 0.13073466039757636
363.4000000000144 0.13108486765695007
363.50000000001444 0.1314358148092671
363.60000000001446 0.1317454888501807
363.7000000000145 0.13205572708882166
363.8000000000145 0.13236653206546348
363.90000000001453 0.13267790620432537
364.00000000001455 0.13298985181048764
364.1000000000146 0.13328339398926484
364.2000000000146 0.13357742989151195
364.3000000000146 0.13387196127155507
364.40000000001464 0.13416698975815644
364.50000000001467 0.13446251685398214
364.6000000000147 0.1347585550219648
364.7000000000147 0.13505510160665554
364.80000000001473 0.13535215406397294
364.90000000001476 0.1356497099593604
365.0000000000148 0.13594776697033223
365.1000000000148 0.13630032549876575
365.2000000000148 0.1366536110174013
365.30000000001485 0.1370076220801099
365.40000000001487 0.1373623573543618
365.5000000000149 0.13771781562358984
365.6000000000149 0.1381175959196404
365.70000000001494 0.1385182875873302
365.80000000001496 0.1389198939989988
365.900000000015 0.1393224184082646
366.000000000015 0.13972586394997658
366.10000000001503 0.14000891750189837
366.20000000001505 0.14029238298857338
366.3000000000151 0.14057626198368586
366.4000000000151 0.14086055592849803
366.5000000000151 0.14114526612973108
366.60000000001514 0.1413860281101214
366.70000000001517 0.1416271007115022
366.8000000000152 0.1418684832365872
366.9000000000152 0.14211017526878297
367.00000000001523 0.14235217667629504
367.10000000001526 0.14271593043216957
367.2000000000153 0.14308040310329775
367.3000000000153 0.1434455961353076
367.4000000000153 0.14381151127074604
367.50000000001535 0.1441781505520733
367.60000000001537 0.14454551632637602
367.7000000000154 0.14491359477621898
367.8000000000154 0.1452823838861297
367.90000000001544 0.1456518816110895
368.00000000001546 0.14602208587661217
368.1000000000155 0.1462649254426031
368.2000000000155 0.14650804370190473
368.30000000001553 0.1467514378398148
368.40000000001555 0.14699510502191704
368.5000000000156 0.14723904239427665
368.6000000000156 0.14752949465611156
368.7000000000156 0.14782060328345056
368.80000000001564 0.1481122423753591
368.90000000001567 0.1484042949566076
369.0000000000157 0.14869665307143812
369.1000000000157 0.14889650486668365
369.20000000001573 0.14909622317011265
369.30000000001576 0.14929572803770313
369.4000000000158 0.14949494910131136
369.5000000000158 0.14969382563586714
369.6000000000158 0.14993869854889366
369.70000000001585 0.15018321145363833
369.80000000001587 0.15042732732083353
369.9000000000159 0.15067101866720017
370.0000000000159 0.1509142676342304
370.10000000001594 0.1511734013805889
370.20000000001596 0.15143214045438666
370.300000000016 0.15169049621110187
370.400000000016 0.15194848995548527
370.50000000001603 0.15220615302530022
370.60000000001605 0.15241665640790977
370.7000000000161 0.15262682991949397
370.8000000000161 0.15283673170001894
370.9000000000161 0.15304643045461183
371.00000000001614 0.15325600552416274
371.10000000001617 0.1536795142962635
371.2000000000162 0.15410383956363466
371.3000000000162 0.1545290944347554
371.40000000001623 0.1549554036233651
371.50000000001626 0.15538290359939438
371.6000000000163 0.15576403732398456
371.7000000000163 0.1561458894297173
371.8000000000163 0.15652846397801973
371.90000000001635 0.15691176506076396
372.00000000001637 0.1572957968027327
372.1000000000164 0.15770143233101613
372.2000000000164 0.15810790846777292
372.30000000001644 0.15851522972453594
372.40000000001646 0.15892340064729113
372.5000000000165 0.15933242581637913
372.6000000000165 0.1596936507389519
372.70000000001653 0.16005555683154177
372.80000000001655 0.16041814400530158
372.9000000000166 0.16078141248865901
373.0000000000166 0.16114536282939987
373.1000000000166 0.16150314604911126
373.20000000001664 0.16186157036366308
373.30000000001667 0.16222063717370314
373.4000000000167 0.16258034821448417
373.5000000000167 0.16294070556033777
373.60000000001673 0.1632517245214635
373.70000000001676 0.16356292125487487
373.8000000000168 0.16387444372906465
373.9000000000168 0.16418642973692346
374.0000000000168 0.1644990067923261
374.10000000001685 0.16481514099808975
374.20000000001687 0.16513207642707275
374.3000000000169 0.16544990908412494
374.4000000000169 0.1657687242817846
374.50000000001694 0.1660885965356971
374.60000000001696 0.16635935870403423
374.700000000017 0.16663118816013292
374.800000000017 0.1669041266780389
374.90000000001703 0.16717820545217887
375.00000000001705 0.167453445012271
375.1000000000171 0.16781102380617324
375.2000000000171 0.16817002880546755
375.3000000000171 0.1685304496380685
375.40000000001714 0.16889226486357464
375.50000000001717 0.16925544185486907
375.6000000000172 0.1695689398775962
375.7000000000172 0.16988351354016015
375.80000000001723 0.17019909395104002
375.90000000001726 0.1705155999452616
376.0000000000173 0.17083293797240318
376.1000000000173 0.17121071845043268
376.2000000000173 0.17158927050032505
376.30000000001735 0.1719684629297226
376.40000000001737 0.17234815150767596
376.5000000000174 0.17272817882984873
376.6000000000174 0.17305659058329392
376.70000000001744 0.17338550023696742
376.80000000001746 0.17371490713646087
376.9000000000175 0.17404481097095964
377.0000000000175 0.17437521177653206
377.10000000001753 0.17469161805008623
377.20000000001755 0.17500842922618703
377.3000000000176 0.17532564609829296
377.4000000000176 0.1756432698196899
377.5000000000176 0.17596130190641313
377.60000000001764 0.17622723314598293
377.70000000001767 0.17649342950295005
377.8000000000177 0.17675988745881924
377.9000000000177 0.17702660347219984
378.00000000001774 0.1772935739810025
378.10000000001776 0.17750410377705717
378.2000000000178 0.1777146310093383
378.3000000000178 0.1779251514666725
378.4000000000178 0.17813566091947156
378.50000000001785 0.17834615512057173
378.60000000001787 0.1785036623844425
378.7000000000179 0.17866109470907932
378.8000000000179 0.1788184588245294
378.90000000001794 0.1789757614849869
379.00000000001796 0.1791330094693207
379.100000000018 0.1792021599029207
379.200000000018 0.17927099696058002
379.30000000001803 0.17933952695764904
379.40000000001805 0.17940775621864608
379.5000000000181 0.17947569107827566
379.6000000000181 0.1795964488825209
379.7000000000181 0.1797169177490767
379.80000000001814 0.17983709528590244
379.90000000001817 0.17995697891264403
380.0000000000182 0.18007656586060714
380.1000000000182 0.18010205908762633
380.20000000001824 0.1801269134501003
380.30000000001826 0.18015112474963382
380.4000000000183 0.1801746885988171
380.5000000000183 0.18019760042375677
380.6000000000183 0.18027291632287962
380.70000000001835 0.18034754718116308
380.8000000000184 0.1804214897484679
380.9000000000184 0.18049474040236543
381.0000000000184 0.18056729514769262
381.10000000001844 0.18047635276568016
381.20000000001846 0.18038453856498424
381.3000000000185 0.18029184804136117
381.4000000000185 0.18019827632767743
381.50000000001853 0.1801038181952896
381.60000000001855 0.18006125579089738
381.7000000000186 0.18001773803798138
381.8000000000186 0.17997325898046904
381.9000000000186 0.17992781302340508
382.00000000001864 0.17988139493486044
382.10000000001867 0.17973454737036776
382.2000000000187 0.17958664280607287
382.3000000000187 0.17943767743231284
382.40000000001874 0.17928764780344345
382.50000000001876 0.17913655083552438
382.6000000000188 0.1790366120457829
382.7000000000188 0.17893546130619734
382.8000000000188 0.17883309771019093
382.90000000001885 0.1787295201596668
383.0000000000189 0.17862472736564408
383.1000000000189 0.1784566519843969
383.2000000000189 0.17828721123896143
383.30000000001894 0.17811640302290038
383.40000000001896 0.17794422503802818
383.500000000019 0.17777067479461828
383.600000000019 0.1775959978334516
383.70000000001903 0.17742011205246858
383.80000000001905 0.17724293446289718
383.9000000000191 0.1770643884793832
384.0000000000191 0.1768844038931992
384.1000000000191 0.17657692862579918
384.20000000001914 0.1762674842806612
384.30000000001917 0.1759560192470582
384.4000000000192 0.1756424883071584
384.5000000000192 0.1753268525862431
384.60000000001924 0.17505979207180977
384.70000000001926 0.1747903332561673
384.8000000000193 0.1745184485402213
384.9000000000193 0.17424411613369
385.0000000000193 0.17396732001135742
385.10000000001935 0.17357452995246977
385.2000000000194 0.17317951479256563
385.3000000000194 0.17278227836230517
385.4000000000194 0.1723828300541719
385.50000000001944 0.17198118475630625
385.60000000001946 0.1716268657761789
385.7000000000195 0.17127015250629432
385.8000000000195 0.17091107989934706
385.90000000001953 0.17054968847025304
386.00000000001955 0.17018602422907136
386.1000000000196 0.1695619958320382
386.2000000000196 0.1689355821705759
386.3000000000196 0.16830684600479104
386.40000000001965 0.16767585486617753
386.50000000001967 0.16704268094055522
386.6000000000197 0.166407400947682
386.7000000000197 0.16576977592571202
386.80000000001974 0.16512980122621448
386.90000000001976 0.1644874721938397
387.0000000000198 0.16384278416686143
387.1000000000198 0.16337211799423465
387.2000000000198 0.16289827772048476
387.30000000001985 0.1624212534590706
387.4000000000199 0.1619410353022529
387.5000000000199 0.1614576133223048
387.6000000000199 0.1609249464079212
387.70000000001994 0.16038938837511382
387.80000000001996 0.15985093143501786
387.90000000002 0.15930956778507185
388.00000000002 0.15876528960846942
388.10000000002003 0.15803827183777505
388.20000000002005 0.15730850343125874
388.3000000000201 0.15657597870100315
388.4000000000201 0.1558406919507027
388.5000000000201 0.15510263747685415
388.60000000002015 0.15440562803448443
388.70000000002017 0.1537052581332375
388.8000000000202 0.1530015909047827
388.9000000000202 0.1522946831232603
389.00000000002024 0.15158458530777574
389.10000000002026 0.15084045520602268
389.2000000000203 0.1500937884576451
389.3000000000203 0.14934461970553706
389.4000000000203 0.1485929777497042
389.50000000002035 0.14783888566635045
389.6000000000204 0.14708236092913204
389.7000000000204 0.14632341552741365
389.8000000000204 0.14556205609016967
389.90000000002044 0.14479828401016342
390.00000000002046 0.14403209556848076
390.1000000000205 0.1432308352528361
390.2000000000205 0.14242600844900377
390.30000000002053 0.14161759207014718
390.40000000002055 0.1408055584158919
390.5000000000206 0.1399898753101117
390.6000000000206 0.13913115919279903
390.7000000000206 0.13826922603585393
390.80000000002065 0.13740403341628019
390.90000000002067 0.13653553505583113
391.0000000000207 0.13566368097499715
391.1000000000207 0.13467669982913283
391.20000000002074 0.1336867453292933
391.30000000002076 0.13269375992374582
391.4000000000208 0.1316976831806004
391.5000000000208 0.1306984519669685
391.6000000000208 0.12969599529924428
391.70000000002085 0.12869048834113564
391.8000000000209 0.12768192745896575
391.9000000000209 0.1266703088296938
392.0000000000209 0.12565562844449513
392.10000000002094 0.12477546367943813
392.20000000002096 0.12389158326185369
392.300000000021 0.12300397948127731
392.400000000021 0.12211264445835375
392.50000000002103 0.12121757014865156
392.60000000002105 0.12028497980739994
392.7000000000211 0.11934918417074458
392.8000000000211 0.11841017359079002
392.9000000000211 0.11746793861662518
393.00000000002115 0.1165224699906466
393.10000000002117 0.11565230701165616
393.2000000000212 0.11477884615111057
393.3000000000212 0.11390207799881535
393.40000000002124 0.11302199331286321
393.50000000002126 0.11213858301679687
393.6000000000213 0.11128283242531316
393.7000000000213 0.1104231231365408
393.8000000000213 0.10955949896262608
393.90000000002135 0.10869199836892032
394.0000000000214 0.10782065460526943
394.1000000000214 0.10680324156715493
394.2000000000214 0.10578281450491174
394.30000000002144 0.10475939534549296
394.40000000002146 0.10373300121976792
394.5000000000215 0.1027036446305768
394.6000000000215 0.10167133779949226
394.70000000002153 0.10063608859181138
394.80000000002156 0.09959789669471639
394.9000000000216 0.09855675804098442
395.0000000000216 0.09751266497512764
395.1000000000216 0.09644195846244309
395.20000000002165 0.09536856454967031
395.30000000002167 0.09429246679033089
395.4000000000217 0.09321364583872227
395.5000000000217 0.09213207962630808
395.60000000002174 0.09104786320776953
395.70000000002176 0.08996091287018872
395.8000000000218 0.08887115523526463
395.9000000000218 0.08777851963154601
396.0000000000218 0.08668293812469967
396.10000000002185 0.08540283943936061
396.2000000000219 0.08411716304236888
396.3000000000219 0.08282584118726675
396.4000000000219 0.08152880949700654
396.50000000002194 0.08022600701422714
396.60000000002196 0.07889563774158956
396.700000000022 0.0775603577746204
396.800000000022 0.07622011791089747
396.90000000002203 0.0748748771149615
397.00000000002206 0.0735246020889051
397.1000000000221 0.07205476212680498
397.2000000000221 0.07057996196218544
397.3000000000221 0.0691001912710238
397.40000000002215 0.06761544577379117
397.50000000002217 0.0661257267408217
397.6000000000222 0.06463104049470729
397.7000000000222 0.06313139432478836
397.80000000002224 0.061626802369591824
397.90000000002226 0.06011728233648324
398.0000000000223 0.05860285499107641
398.1000000000223 0.05697042563681617
398.2000000000223 0.05533325434246838
398.30000000002235 0.05369136980468988
398.4000000000224 0.0520448014708214
398.5000000000224 0.05039357896902132
398.6000000000224 0.048751154206871705
398.70000000002244 0.04710312552721019
398.80000000002246 0.045449501355826705
398.9000000000225 0.04379029018751321
399.0000000000225 0.042125500287722294
399.10000000002253 0.04062968679323737
399.20000000002256 0.03912965060606067
399.3000000000226 0.03762540105959418
399.4000000000226 0.03611694634390907
399.5000000000226 0.0346042932295213
399.60000000002265 0.03308744678792479
399.70000000002267 0.031566349225447064
399.8000000000227 0.030040993154384844
399.9000000000227 0.028511371177852095
400.00000000002274 0.02697747588988873
400.10000000002276 0.025831037229223152
400.2000000000228 0.024681745975014602
400.3000000000228 0.02352959773406685
400.4000000000228 0.022374588108396397
400.50000000002285 0.021216712695149634
400.6000000000229 0.0200559670865696
400.7000000000229 0.01889234687002809
400.8000000000229 0.017725847628047724
400.90000000002294 0.016556464938265188
401.00000000002296 0.015384194373494139
401.100000000023 0.014597904108361877
401.200000000023 0.013809141871408148
401.30000000002303 0.01301790308631436
401.40000000002306 0.012224183170833954
401.5000000000231 0.01142797753684784
401.6000000000231 0.010626386905813533
401.7000000000231 0.009822740654791723
401.80000000002315 0.009017035500809359
401.90000000002317 0.008209268157090503
402.0000000000232 0.007399435333193881
402.1000000000232 0.006912401470183356
402.20000000002324 0.0064241510403333915
402.30000000002326 0.005934682149721133
402.4000000000233 0.005443992902296108
402.5000000000233 0.004952081399885633
402.60000000002333 0.004458945742176542
402.70000000002335 0.003964584026728518
402.8000000000234 0.003468994348958685
402.9000000000234 0.0029721748021520555
403.0000000000234 0.0024741234775203735
403.10000000002344 0.0022799907253217215
403.20000000002346 0.002085365710933996
403.3000000000235 0.001890247651217077
403.4000000000235 0.001694635762129117
403.50000000002353 0.0014985292587142574
403.60000000002356 0.0013019273551084505
403.7000000000236 0.0011048292645386747
403.8000000000236 0.0009072341993247866
403.9000000000236 0.0007091413708707442
404.00000000002365 0.0005105499897153773
404.10000000002367 0.000492807206094869
404.2000000000237 0.00047502167720988
404.3000000000237 0.0004571933396108779
404.40000000002374 0.00043932212978240484
404.50000000002376 0.0004214079841415739
404.6000000000238 0.00040355985034176033
404.7000000000238 0.00038565886988234903
404.80000000002383 0.00036770495196244193
404.90000000002385 0.0003496980056770972
405.0000000000239 0.00033163794000703605
405.1000000000239 0.00029404435557688096
405.2000000000239 0.000256373328220183
405.30000000002394 0.0002186247590720779
405.40000000002397 0.0001807985491762014
405.500000000024 0.0001428945994861998
405.600000000024 0.00010491281086409668
405.70000000002403 6.685308408106552e-05
405.80000000002406 2.8715319816970834e-05
405.9000000000241 0.0
406.0000000000241 0.0
406.1000000000241 0.0
406.20000000002415 0.0
406.30000000002417 0.0
406.4000000000242 0.0
406.5000000000242 0.0
406.60000000002424 0.0
406.70000000002426 0.0
406.8000000000243 0.0
406.9000000000243 0.0
407.00000000002433 0.0
407.10000000002435 5.391373654090821e-05
407.2000000000244 0.00012768518498678232
407.3000000000244 0.00020158895074783497
407.4000000000244 0.00027562517889126724
407.50000000002444 0.00034979401459812556
407.60000000002447 0.00042409560316245345
407.7000000000245 0.0004985300899901144
407.8000000000245 0.0005730976206018833
407.90000000002453 0.000647798340629559
408.00000000002456 0.000722632395797472
408.1000000000246 0.0007032693704672939
408.2000000000246 0.0006838592552426416
408.3000000000246 0.0006644019792833539
408.40000000002465 0.0006448974716712093
408.50000000002467 0.0006253456614126782
408.6000000000247 0.0006057464774334031
408.7000000000247 0.0005860998485862085
408.80000000002474 0.0005664057036430815
408.90000000002476 0.0005466639713011169
409.0000000000248 0.0005268745801673576
409.1000000000248 0.0004659377815869517
409.20000000002483 0.0004048729420052565
409.30000000002485 0.00034367989485926937
409.4000000000249 0.0002823584734332429
409.5000000000249 0.00022090851085401007
409.6000000000249 0.00015932984009532725
409.70000000002494 9.762229397433605e-05
409.80000000002497 3.578570515346431e-05
409.900000000025 0.0
410.000000000025 0.0
410.10000000002503 0.0
410.20000000002506 0.0
410.3000000000251 0.0
410.4000000000251 0.0
410.5000000000251 0.0
410.60000000002515 0.0
410.70000000002517 0.0
410.8000000000252 0.0
410.9000000000252 0.0
411.00000000002524 0.0
411.10000000002526 0.0
411.2000000000253 0.0
411.3000000000253 0.0
411.40000000002533 0.0
411.50000000002535 0.0
411.6000000000254 0.0
411.7000000000254 0.0
411.8000000000254 0.0
411.90000000002544 0.0
412.00000000002547 0.0
412.1000000000255 0.0
412.2000000000255 0.0
412.30000000002553 0.0
412.40000000002556 0.0
412.5000000000256 0.0
412.6000000000256 0.0
412.7000000000256 0.0
412.80000000002565 0.0
412.90000000002567 0.0
413.0000000000257 0.0
413.1000000000257 0.0
413.20000000002574 0.0
413.30000000002576 0.0
